   1.7556826063901874e+00
   1.7510039383666316e+00
   1.7078231749348238e+00
   1.7051830771757968e+00
   1.6702098530713665e+00
   1.6436053137711506e+00
   1.6346904714717176e+00
   1.6191671395326253e+00
   1.6165329314886545e+00
   1.5972754141960221e+00
   1.5326418063207210e+00
   1.5221029861551907e+00
   1.5207756370334444e+00
   1.5205899123715299e+00
   1.4925200271322971e+00
   1.4627175584545149e+00
   1.4577585555870196e+00
   1.4090636582240483e+00
   1.4058159208264256e+00
   1.3996551948712739e+00
